0000000000000000000000000000000000000000000000000000000000000000
1000000000000000000000000000000000000000000000000000000000000000
0100000010000000000000000000000000000000000000000000000000000000
0010000001000000100000000000000000000000000000000000000000000000
1002000000100000010000001000000000000000000000000000000000000000
0100200010020000001000000100000010000000000000000000000000000000
0020010001002000100200000010000001000000100000000000000000000000
1002001000200100010020001002000000100000010000001000000000000000
0200200110020010002001000100200010020000001000000100000010000000
0020010002002001100200100020010001002000100200000010000011000000
2002001000200100020020011002001000200100010020001002000011100000
0200200120020010002001000200200110020010002001001100200011120000
0020020002002001200200100020020002002001100200101120010011122000
2002002000200200020020012002001000200200120020011122001011122100
0200200120020020002002000200200120020010122002001122200111122110
0020020002002001200200200020020022002001122200101122220011122111
2002002000200200020020012002002022200200122220011122221011122111
0200200220020020002002002200200122220020122222001122221111122111
0020020002002002200200202220020022222001122222201122221111122111
1002002000200200220020022222002022222200122222211122221111122111
0200200210020020222002002222200222222220122222211122221111122111
0020020012002002222200202222220022222222122222211122221111122111
1001002012200200222220022222222022222222122222211122221111122111
1100100212210020222222002222222222222222122222211122221111122111
1110020012211002222222202222222222222222122222211122221111122111
1111002012211200222222222222222222222222122222211122221111122111
1111100112211220222222222222222222222222122222211122221111122111
1111110012211221222222222222222222222222122222211122221111122111
1111111012211221222222222222222222222222122222211122221111122111
1111111112211221222222222222222222222222122222211122221111122111
1111111112211221222222222223322222233222122222211122221111122111
1111111112211221222332222233332222333322122332211122221111122111
1111111112211221223333222333333223333332123333211123321111122111
1111111112311321233333323333333333333333133333311133331111133111
1111111113311331333333333332233333322333133333311133331111133111
1111111113311331333223333322223333222233133223311133331111133111
1111111113311331332222333222222332222223132222311132231111133111
1111111113211231322222232222222222222222122222211122221111122111
1111111112211221222222222222222222222222122222211122221111122111
1111111112211221222222222223322222233222122222211122221111122111
1111111112211221222332222233332222333322122332211122221111122111
1111111112211221223333222333333223333332123333211123321111122111
1111111112311321233333323333333333333333133333311133331111133111
1111111113311331333333333333333333333333133333311133331111133111
1111111113311331333333333332233333322333133333311133331111133111
1111111113311331333223333322223333222233133223311133331111133111
1111111113311331332222333222222332222223132222311132231111133111
1111111113211231322222232222222222222222122222211122221111122111
1111111112211221222222222222222222222222122222211122221111122111
1111111112211221222222222222222222222222122222211122221111122111
1111111112211221222222222222222222222222122222211122221111122111
1111111112211221222222222221122222211222122222211122221111122111
1111111112211221222112222211112222111122122112211122221111122111
1111111112211221221111222111111221111112121111211121121111122111
1111111112111121211111121111111111111111111111111111111111111111
1111111111111111111111111111111111111111111111111111111111111111
1111111111111111111111111111111111111111111111111111111111111111
0111111111111111111111111111111111111111111111111111111111111111
1011111101111111111111111111111111111111111111111111111111111111
0101111110111111011111111111111111111111111111111111111111111111
1010111101011111101111110111111111111111111111111111111111111111
0101011110101111010111111011111101111111111111111111111111111111
1010101101010111101011110101111110111111011111111111111111111111
0101010110101011010101111010111101011111101111110111111111111111
0010101001010101101010110101011110101111010111111011111101111111
1001010100101010010101011010101101010111101011110101111110111111
0100101010010101001010100101010110101011010101111010111101011111
0010010101001010100101010010101001010101101010110101011110101111
1001001000100101010010101001010100101010010101011010101101010111
0100100110010010001001010100101010010101001010100101010110101011
0010010001001001100100100010010101001010100101010010101001010101
1001001000100100010010011001001000100101010010101001010100101010
0100100110010010001001000100100110010010001001010100101010010101
0010010001001001100100100010010001001001100100100010010101001010
0001001000100100010010011001001000100100010010011001001000100101
1000100100010010001001000100100110010010001001000100100110010010
0100010010001001000100100010010001001001100100100010010001001001
0010001001000100100010010001001000100100010010011001001000100100
0001000100100010010001001000100100010010001001000100100110010010
1000100000010001001000100100010010001001000100100010010001001001
0100010010001000000100010010001001000100100010010001001000100100
0010001001000100100010000001000100100010010001001000100100010010
0001000100100010010001001000100000010001001000100100010010001001
0000100000010001001000100100010010001000000100010010001001000100
1000010000001000000100010010001001000100100010000001000100100010
0100001010000100000010000001000100100010010001001000100000010001
0010000101000010100001000000100000010001001000100100010010001000
0001000000100001010000101000010000001000000100010010001001000100
0000100000010000001000010100001010000100000010000001000100100010
0000010000001000000100000010000101000010100001000000100000010001
0000001000000100000010000001000000100001010000101000010000001000
0000000100000010000001000000100000010000001000010100001010000100
0000000000000001000000100000010000001000000100000010000101000010
0000000000000000000000010000001000000100000010000001000000100001
0000000000000000000000000000000100000010000001000000100000010000
0000000000000000000000000000000000000001000000100000010000001000
0000000000000000000000000000000000000000000000010000001000000100
0000000000000000000000000000000000000000000000000000000100000010
0000000000000000000000000000000000000000000000000000000000000001
0000000000000000000000000000000000000000000000000000000000000000
